0 29 56 47 37 100 75 9 62 60
29 0 63 57 41 93 23 98 29 85
56 63 0 87 90 88 51 57 17 80
47 57 87 0 56 49 55 7 56 37
37 41 90 56 0 24 41 81 5 43
100 93 88 49 24 0 12 45 46 49
75 23 51 55 41 12 0 76 15 8
9 98 57 7 81 45 76 0 2 78
62 29 17 56 5 46 15 2 0 24
60 85 80 37 43 49 8 78 24 0
